$ANSIBLE_VAULT;1.1;AES256
61363163393632656534653465363262313033636661366235353336353433336433346435646433
3430616538353135333432643832613762626130363463610a653064633038653764326365356665
62393035326461353034656433313237343934386337346462373836326133653930393333613738
3064353061663935310a623536653062373034346533323363303938316335303533373765633461
65616664346331653732343931353361663534353363373166636438333561346131616130373034
37346166343064623034656435336634336163313531643437363031653238323039626666626634
31393439616666366132633965343434653563396137336232343738303638636636306264373765
34613538626136626130663438616133643238626432326266303237663631653366306333643664
31653064303433333565336238353038626137663532333730396332373237663738613734616363
35323263356436616433636566303764353035303532343233623263646363306361346139623566
31333931323033316337643465316338626465353437366631633061346464613036623561393861
32366161393230643830383963653530356133313631316366363533356432383638306338626138
31623030356537393031636361363532303535333032613237393164376632343964353831346331
62396632663561303431623833303632373163313537343533303932663961313833376661356333
326235343633663065386135386330326464
